SIZE = 58,
652,1096,1063,1090,250,919,3603,3430,3974,1342,1096,1126,730,489,4341,791,347,1247,1191,3440,364,1582,2098,598,2845,2336,3110,3786,1653,841,640,722,1232,855,5126,3545,761,1989,3457,1452,1298,1165,2736,1671,138,3431,2620,124,189,3451,940,921,888,3316,708,3866,754,
486,429,1596,408,319,2936,2791,3607,700,435,1645,171,970,3969,337,982,586,590,3073,524,8700,1441,1115,2358,1542,2444,3122,1015,590,525,72,1535,1139,4759,2913,97,1622,2936,919,1009,498,2068,1021,707,2764,1954,536,777,2595,1258,448,1046,2649,98,3227,102,
889,2038,846,184,2855,2314,3147,1188,137,2082,315,1407,3514,451,1424,494,112,2613,960,994,1345,1560,2266,1748,2406,2948,537,498,631,558,1972,1839,4299,2717,588,1162,2464,459,1063,754,1968,818,1145,2683,1854,975,1214,2563,1700,239,1076,2568,411,2750,389,
2037,846,722,2696,2571,4015,279,856,2073,567,1402,4615,771,1420,434,993,3481,971,527,1123,1553,1937,1275,2204,2804,1145,1014,949,554,1967,1802,5167,2492,339,2035,3236,1348,1433,184,1834,600,1140,2524,1720,969,1210,2267,1698,852,1470,2409,502,3004,533,
1192,1783,4557,4243,4739,2309,1733,607,1672,435,5106,1740,629,2196,2134,4505,1306,2389,3351,492,3936,3143,4065,4739,2466,1783,837,1668,254,229,5891,4362,1693,2759,4274,2265,2070,2094,3670,2510,960,4385,3556,1138,851,4221,273,1863,1438,4270,1650,4679,1580,
669,3359,3129,3724,1117,846,1236,480,561,4091,5410,578,1003,950,3190,114,1347,1860,711,2601,2094,2866,3542,1352,591,390,392,1126,965,4876,3163,511,1734,3207,1202,1041,915,2267,1328,300,3187,2379,129,368,3029,854,671,638,3072,458,3565,388,
2884,2492,3294,1019,98,1905,148,1230,3662,276,1301,523,282,2761,635,1095,2042,1381,2515,1849,2392,3064,715,432,447,391,1795,1638,4447,2746,416,1310,2543,607,894,783,1997,847,968,2712,1883,798,1037,2914,1423,192,892,2597,227,2928,217,
1171,5634,2417,3027,4591,3021,3926,5991,3067,4020,2355,2918,5060,3467,2176,1498,4171,799,1428,549,537,2521,3352,3036,3008,4491,4320,6776,228,2846,3642,2108,2718,3684,2496,1240,2037,3658,190,1126,3487,4225,366,4222,3114,3872,297,2945,1607,3162,
4902,2413,2470,4036,2777,3616,5259,2699,3683,2493,2213,4328,3066,2105,1446,3816,1425,1422,1172,634,1789,2732,2889,2864,4181,4065,6044,1103,2859,2910,947,1986,2952,2742,1284,1994,3428,1233,1170,3315,3493,1011,3908,2495,3365,1146,2700,446,2770,
4799,3538,4947,3476,4113,1445,3436,4291,3594,3047,544,3595,4124,4252,4359,4850,4572,5123,5536,3125,3124,3342,3750,4678,4604,2230,4875,3770,1990,4925,2922,2688,3841,4756,3919,4029,5533,4642,3848,4069,5274,4409,3201,3558,5330,3674,5338,3617,
1135,2353,871,1678,5166,1050,1695,694,1248,4265,1231,248,1210,1824,1658,1002,1925,2636,1282,1290,1225,772,2243,2082,5951,2366,618,2819,3937,1608,2128,257,1557,456,1416,2245,1441,1246,1485,2265,1971,1148,1755,2130,781,2844,802,
2185,359,1407,3860,314,1424,666,234,2959,1060,1196,1517,1557,2635,1950,2535,3104,693,394,599,508,2072,1811,4645,2889,532,1193,2636,490,772,926,2142,990,1127,2855,2026,975,1214,2875,1710,194,1484,2740,287,2906,335,
1716,818,5304,1776,665,2230,2179,4408,1350,2592,3554,528,3987,3346,4099,4774,2559,1827,1564,1717,760,262,6089,4399,1742,2957,4363,2358,2266,2151,3706,2654,992,4589,3590,1177,887,4265,562,2093,1471,4306,1694,4772,1747,
1041,3843,158,1153,660,419,2942,594,1087,2049,1187,2251,1841,2529,3201,1000,329,354,243,1606,1444,4628,2883,268,1491,2934,774,941,669,2134,984,1079,2849,2020,609,848,2766,1335,287,842,2734,75,3213,107,
4480,1102,176,1565,1511,3579,675,1763,2725,290,3305,2517,3434,4108,1839,1152,478,802,413,547,5265,3724,1072,2133,3643,1634,1444,1468,3039,1889,531,3754,2925,709,283,3590,213,1232,938,3639,1019,4052,949,
3803,4648,3961,3414,901,3962,4708,4619,4791,5217,4929,5480,5893,3482,3491,3709,4117,5045,4971,785,5766,4137,2357,5298,3289,3045,4208,5113,4286,4396,5890,4999,4215,4436,5632,4776,3568,3925,5687,4041,5695,3986,
1119,706,546,2902,439,2699,1557,1248,2713,1990,2575,3333,922,287,287,407,1882,1505,4588,2991,334,1451,2730,721,760,835,2182,1030,846,2895,2066,670,909,2915,1395,279,578,2780,217,3135,235,
1577,1421,3752,692,1939,2901,137,3334,2693,3547,4116,1906,1169,968,1059,771,394,5423,3741,1079,2300,3710,1705,1609,1480,2845,1901,474,3848,3047,652,224,3607,479,1249,1216,3744,1036,4119,967,
557,3060,1106,524,851,1710,1600,1116,1863,2535,716,991,996,658,2130,1959,4746,2223,563,1609,2824,908,1442,260,1260,324,1297,2183,1354,1126,1367,2089,1861,750,1511,2068,584,2929,668,
2513,1064,1057,1408,1672,2166,1811,2305,2846,436,589,728,662,2076,1931,4199,2655,692,1062,2364,359,964,817,2031,881,1249,2746,1917,1078,1311,2623,1798,288,1174,2651,508,2649,497,
3061,3590,3718,3825,4316,4038,4549,4962,2551,2590,2808,3145,4144,4002,1686,4835,3236,1456,4391,2388,2149,3307,4182,3385,3495,4959,4068,3314,3535,4701,3875,2667,3024,4848,3140,4764,3083,
1303,1974,759,2878,2057,2975,3635,1289,705,274,506,1240,1016,4747,3277,625,1615,3093,1109,926,1022,2580,1542,374,3295,2466,243,482,3134,968,705,524,3180,572,3502,502,
962,1908,1417,754,1684,2395,1238,1369,1304,856,2328,1932,5271,1972,858,2139,3116,1438,1972,498,1340,432,1646,2004,1226,1329,1570,1834,2051,1266,1989,1889,948,2417,888,
2570,739,259,1006,1681,1199,2331,2266,1434,2986,2899,5404,1447,1339,2278,2390,1350,2286,1460,636,1394,2159,1326,522,1189,2532,1337,3033,1878,2951,1211,1435,1882,1543,
3467,2806,3579,4249,2039,1236,1036,1099,634,257,5511,3870,1218,2379,3843,1838,1686,1627,3184,2040,476,3899,3070,639,359,3736,342,1592,943,3784,1165,4252,1095,
669,307,1302,1743,2963,2878,2430,3870,3716,6002,594,2087,2870,2437,1946,2906,1737,330,1278,3049,627,367,2878,3124,464,3601,2691,3399,512,2182,1861,2263,
936,1647,1461,2123,2058,1610,3082,2686,5724,1377,1612,2582,2368,1612,2624,1252,564,801,2393,1256,452,2083,2324,1267,2805,2020,2627,1141,1702,1869,1642,
1052,2010,2860,2865,2527,3999,3828,6265,343,2354,3131,2109,2211,3173,2004,770,1545,3165,372,656,2995,3236,211,3730,2619,3380,257,2453,1608,2537,
2423,3366,3487,3199,4673,4503,6678,681,3032,3544,1571,2620,3586,2676,1273,2217,3841,693,1385,3665,3906,817,4401,3129,3998,800,3125,1070,3209,
955,1112,1087,2400,2288,4267,2296,1083,1133,2120,209,1175,965,1422,1030,1651,2420,1529,1538,1716,2162,2131,718,1588,2217,923,2225,960,
366,602,1717,1493,4276,3214,688,1144,2763,754,455,1088,2465,1315,856,3180,2351,720,959,3185,1445,345,607,3065,560,3168,488,
577,1635,1293,4494,3219,623,1362,2884,875,673,1023,2470,1546,652,3185,2356,519,758,3120,708,367,520,3070,455,3325,523,
1489,1356,4902,2985,86,1770,3008,991,1081,570,2388,1093,691,2836,2274,528,702,2667,1340,520,1118,2721,170,3299,170,
300,5830,4504,1637,2698,4208,2199,2009,2033,3604,2454,1096,4319,3490,1274,1494,4155,312,1797,1185,4204,1584,4617,1514,
5756,4128,1475,2624,4092,2087,1935,1637,3433,2293,730,4148,3319,908,606,4004,354,1849,1200,4041,1423,4501,1352,
6553,4922,3142,6083,4074,3830,4993,5676,5071,5181,6675,5784,5000,5221,6417,5561,4353,4720,6472,4826,6480,4771,
2831,3417,2040,2493,3459,2449,924,1934,3462,130,925,3402,3531,147,4017,2973,3734,184,2869,1544,2891,
1790,3006,983,1101,523,1984,887,810,2644,1870,640,879,2606,1355,543,1143,2559,169,3295,199,
2941,932,693,1861,2543,1939,2044,3304,2650,1868,2089,3283,2429,1216,1578,3338,1694,3346,1639,
2013,2973,3503,1991,2922,3512,2170,2107,3336,3500,1958,3939,2522,3392,2083,2844,806,3026,
974,1174,1619,1238,1507,2617,1726,1332,1495,2359,1930,517,1383,2414,827,2422,880,
1488,2585,2553,1353,3583,2692,1177,1398,3322,1740,696,887,3380,1004,3388,950,
1638,554,1214,2324,1524,1044,1275,2339,1756,946,1771,2209,844,3178,600,
1175,2566,1068,114,2600,2841,931,3335,2349,2905,953,1844,1715,2074,
1627,1865,1061,1450,2243,1876,2182,1074,1835,1750,908,2425,992,
3486,2678,178,254,3328,806,978,945,3371,757,3864,687,
954,3310,3551,200,4050,2939,3846,125,2773,1669,2857,
2486,2727,815,3221,2235,2871,839,1944,1601,1960,
432,3158,984,800,767,3200,587,3751,517,
3397,701,1039,788,3441,826,3929,756,
3883,3043,3600,135,2793,1451,2697,
1525,1288,3935,1312,4344,942,
742,2923,383,2931,342,
3585,1096,3801,976,
2658,1582,2753,
3136,80,
3206,
NOTE = 