SIZE = 48,
1018,646,1631,1508,482,864,2066,1592,1604,761,260,1097,1479,721,957,1905,292,1022,1171,1210,1420,1815,533,1092,514,2421,1494,188,1760,652,609,1969,973,570,1560,405,1374,632,641,748,2301,853,1081,662,1122,713,838,
757,999,1614,1094,129,2412,2145,1399,1272,690,538,836,607,866,803,1356,617,999,1199,335,669,644,744,2435,1473,1089,188,2339,937,1903,636,701,1105,197,397,557,820,290,605,1744,1560,1049,559,1235,1264,1612,
613,2179,453,485,825,1607,1493,587,740,894,779,1098,454,721,1240,670,891,1173,1251,318,414,749,1021,578,1038,1038,1152,851,429,2089,2101,936,902,1149,1692,587,219,1157,1963,1163,1073,240,1110,428,1129,
1717,1124,902,1836,346,374,1156,1214,516,949,123,235,596,2203,1364,546,1283,641,443,1251,90,923,1125,443,343,1188,238,495,925,959,701,459,847,229,681,548,805,1688,1176,504,751,959,1204,216,
2520,1240,1888,2204,2237,727,969,2151,2108,768,1500,1166,1239,1650,229,1752,1898,1744,1644,550,1718,290,2059,1709,826,2139,2266,443,1030,1890,1796,1573,940,1019,1704,1489,1176,335,1908,1865,1961,1287,1146,
410,2439,1017,879,1227,649,1769,330,878,96,334,882,837,663,358,1212,827,1161,920,861,1474,1184,269,1087,1358,905,1148,1867,567,1023,565,1291,1370,316,862,1986,515,1654,392,1204,807,1095,
2290,2202,1137,1603,337,976,528,1282,369,630,667,482,320,420,879,1479,217,350,354,384,279,939,1698,590,1461,1453,1021,1100,214,604,521,882,1213,812,1483,674,484,262,1256,803,623,
1304,982,1005,1985,1849,1107,686,2445,1497,1758,1885,2165,2115,1759,2540,1633,1371,177,1969,2172,947,2425,2063,1576,1583,2493,1969,2156,1286,1239,2708,2055,2385,2013,945,1427,685,1252,1475,1950,
1749,1036,663,357,1499,598,1446,1499,1783,1225,2083,1794,1049,872,1581,1316,595,1982,330,1857,1906,1280,356,1466,2333,586,1456,1155,1690,1508,1453,2300,2300,588,1263,1057,1776,887,1137,
821,456,626,1070,432,831,1079,959,1017,699,197,341,649,720,1473,998,1467,503,331,1181,1023,902,689,1872,1219,455,285,1796,770,1009,985,1645,676,908,455,1207,1488,863,
325,755,259,847,140,814,1941,632,273,308,1082,1051,453,809,2238,776,83,435,919,1861,330,1829,1787,676,815,745,983,699,410,699,600,1353,182,1723,792,725,1486,
780,410,1058,388,813,664,723,479,552,524,1086,543,483,1403,847,451,915,2085,869,428,371,1376,325,943,1259,913,478,816,862,2091,591,723,547,882,1143,293,
344,745,361,581,1438,760,177,1369,369,504,700,721,2044,227,1007,316,1716,1617,695,1393,1369,947,251,1153,1552,1457,767,1056,2571,917,1185,466,507,165,429,
521,919,703,1298,1137,1828,781,375,608,115,317,738,743,1244,362,445,472,1306,387,2117,715,483,205,1590,660,257,178,2699,853,1010,467,744,1320,2136,
1397,390,1171,669,1144,794,525,526,463,290,592,580,1753,883,732,529,491,1699,2285,739,817,586,488,492,918,703,2405,661,1315,1038,1729,622,166,
930,1809,309,1425,609,690,623,839,1138,1835,1338,985,594,736,1972,1008,504,2367,879,1780,972,1525,1761,1004,708,534,486,951,811,1291,411,1735,
1745,626,1025,588,334,939,928,726,739,1501,1341,90,1111,981,296,579,2734,1605,525,1060,973,1551,180,700,1802,548,1198,291,949,435,1092,
2119,1480,1897,2049,1359,1936,2147,1042,1427,562,1178,604,1374,396,999,1938,2596,182,2198,2485,1983,937,742,1550,442,801,492,802,1802,831,
610,739,798,1082,861,510,1212,819,1836,1033,952,583,414,1547,1943,1315,617,1114,358,1049,815,630,347,626,967,238,516,443,1159,
222,252,469,950,1519,2010,400,1094,1829,872,1052,2377,1162,678,1183,697,1163,1479,884,624,1511,1490,1157,304,667,1087,865,1362,
1421,983,803,435,1187,173,585,311,1726,476,774,1402,1395,1286,470,1300,1152,618,1183,235,2594,1231,551,1589,631,739,554,
1222,560,506,194,740,758,726,1333,393,2237,1250,1975,1580,1169,919,2072,1304,454,543,1584,352,406,242,1148,594,992,
630,358,303,355,666,312,424,1673,490,1845,1737,833,1029,706,924,680,1361,776,967,236,547,966,1105,1131,712,
549,928,180,666,1275,1255,645,1463,1492,1891,676,916,846,579,451,1280,731,1446,216,558,273,503,481,541,
1553,697,685,480,949,1722,345,1668,1724,821,154,642,572,402,790,1524,2410,1461,1713,1272,1720,240,1335,
519,1472,1828,898,796,138,875,1475,1038,1326,2336,603,268,567,1508,781,604,2281,264,1600,641,220,
881,803,326,1580,776,833,2138,1114,161,820,1252,1226,442,413,653,361,1878,875,1507,763,370,
328,271,1019,1698,2099,2428,1299,1727,1579,973,2394,1556,783,2568,598,582,400,1430,360,552,
1441,107,642,1568,1467,483,1309,780,500,1254,319,907,940,741,818,309,252,826,476,
1241,130,1260,1681,482,848,652,1763,968,665,983,2166,813,1024,795,1039,1347,1643,
426,1925,145,225,325,835,1335,267,1326,792,2264,917,1640,354,849,1000,1119,
668,2082,1621,665,1210,1056,996,1057,220,904,1327,457,942,882,510,645,
2182,1200,1727,1356,1837,1434,953,371,1157,1398,1972,484,617,863,987,
1506,1972,2114,1785,2380,1197,2026,1184,678,1114,668,1359,2455,2408,
1032,754,533,940,1447,939,2374,1266,892,660,999,1169,927,
397,238,499,627,1119,1858,550,473,704,882,340,655,
961,563,235,642,1506,582,569,679,1011,915,1317,
1496,818,355,2121,341,653,231,702,426,1995,
1178,511,1429,1531,1539,254,1584,100,440,
1123,995,921,651,796,1238,155,400,
2043,396,1191,568,1051,1104,214,
930,2523,2139,896,1949,1926,
972,1023,552,231,932,
598,828,263,1229,
444,1034,1061,
189,823,
986,
NOTE = 