SIZE = 21,
545,190,450,345,180,430,215,495,690,77,270,660,625,310,225,380,290,420,170,440,
635,385,585,390,300,415,305,425,36,650,480,295,320,510,120,220,370,87,535,
435,515,585,430,91,165,350,285,715,250,415,78,355,495,205,350,375,175,
755,265,650,400,280,350,680,255,235,440,150,485,175,590,370,445,320,
775,235,285,350,750,615,480,655,480,625,190,645,255,585,495,555,
48,385,380,460,540,310,610,245,480,350,155,255,590,525,200,
67,505,575,27,235,610,435,320,90,91,220,68,220,440,
280,120,97,205,865,345,570,605,475,395,365,405,160,
310,345,480,370,340,280,150,105,380,185,140,240,
490,200,520,440,605,390,295,100,370,235,380,
165,835,455,130,29,500,170,320,125,640,
420,265,230,475,475,140,125,750,125,
81,605,545,590,205,360,265,705,
465,170,600,480,380,160,575,
96,110,390,700,170,63,
240,155,625,315,240,
425,280,485,430,
515,240,150,
240,155,
600,
NOTE = 