SIZE = 17,
638,297,437,466,324,70,578,421,435,53,314,240,237,95,297,329,
29,505,182,353,191,402,262,495,199,360,289,364,444,196,476,
36,142,35,84,153,390,336,518,55,236,121,96,301,238,
243,282,27,232,555,249,123,338,259,332,264,175,372,
74,211,391,150,145,268,336,105,745,184,326,108,
567,352,324,154,239,292,110,528,250,208,61,
287,83,254,420,189,346,472,439,68,47,
351,633,202,661,34,426,257,169,120,
63,165,196,134,202,77,572,80,
57,228,29,483,390,383,267,
140,207,246,448,240,383,
105,157,91,412,488,
349,309,154,530,
289,542,685,
227,112,
150,
NOTE = 