SIZE = 42,
46,42,30,68,122,49,82,63,167,172,36,77,49,36,80,60,62,151,157,70,129,86,185,89,21,60,77,117,38,50,48,62,89,34,114,130,47,182,83,61,53,
84,47,27,30,12,98,34,166,93,87,95,66,38,29,47,36,99,166,39,134,49,83,39,11,75,28,46,51,116,91,36,89,112,44,46,106,188,32,78,69,
50,115,104,24,81,71,92,63,111,40,81,60,117,144,156,75,62,35,78,82,66,54,20,44,128,56,81,117,63,41,105,103,43,52,98,80,91,104,85,
72,82,21,15,44,60,37,87,60,25,27,54,120,105,54,38,49,41,40,40,39,15,61,69,58,34,61,32,50,99,63,59,32,42,71,59,88,39,
123,31,104,123,90,121,21,105,110,140,178,170,161,102,67,34,101,104,122,136,27,90,142,94,141,124,34,62,28,130,63,134,59,78,142,120,96,
45,97,87,124,126,46,71,86,63,165,106,124,163,139,42,163,126,155,159,22,93,164,137,49,105,32,62,48,110,73,160,49,134,120,106,61,
17,15,32,13,37,18,15,28,26,76,41,29,15,39,21,23,25,14,8,20,43,50,20,26,15,47,32,41,27,30,21,32,48,49,30,
52,80,62,64,59,62,66,107,142,137,54,59,26,50,59,70,42,10,60,93,65,61,71,91,20,74,62,72,51,59,92,86,114,38,
84,25,39,49,78,89,155,123,100,34,40,24,36,95,60,81,12,39,120,76,91,86,50,35,44,62,49,42,55,63,150,109,55,
53,147,74,98,111,90,107,94,41,12,38,55,66,64,61,6,77,119,140,113,77,192,48,180,86,188,61,186,5,87,114,150,
98,46,67,30,147,99,97,45,30,23,37,41,57,46,17,38,158,148,36,65,71,43,136,59,172,59,52,37,124,71,47,
96,84,22,27,29,14,137,171,40,171,56,102,44,8,107,34,40,46,77,93,60,77,114,80,64,62,164,19,40,71,
66,39,83,135,130,46,66,17,56,49,60,46,6,58,101,90,62,77,72,16,56,67,45,53,31,71,75,106,47,
64,118,150,142,72,53,22,58,62,70,50,5,20,118,64,53,66,97,31,102,107,77,47,79,86,85,108,62,
106,93,112,38,45,28,46,97,42,44,8,36,75,51,83,108,43,31,26,88,32,41,42,83,142,126,85,
138,133,135,95,35,118,155,159,127,31,84,185,94,71,129,36,46,41,123,84,114,48,116,174,143,59,
187,73,62,85,65,113,105,101,35,124,140,78,109,185,77,99,22,140,59,85,119,88,101,181,126,
103,60,81,71,128,98,124,10,125,143,80,136,146,45,90,29,150,57,111,85,84,146,191,130,
33,24,35,20,46,34,12,49,159,131,48,64,96,34,176,69,178,41,73,41,108,67,53,
27,29,33,21,35,6,45,113,156,65,79,117,45,144,82,125,18,91,3,97,67,87,
38,25,33,14,45,21,58,68,28,46,9,37,54,46,55,24,33,41,53,63,29,
34,35,18,9,62,139,161,51,70,97,32,176,84,151,26,93,11,102,65,70,
61,74,11,53,160,97,64,67,42,29,60,76,75,69,56,58,128,90,63,
76,18,48,133,179,44,79,66,36,110,71,147,74,60,47,146,107,51,
21,43,155,121,43,79,30,23,62,81,78,67,23,55,108,75,35,
17,26,30,20,11,3,9,29,23,5,9,20,25,21,40,12,
72,87,36,68,44,62,88,72,27,49,36,64,51,99,53,
139,60,126,33,58,53,124,78,133,54,119,186,130,57,
43,84,34,36,44,77,118,164,46,161,96,77,56,
115,50,24,30,99,34,31,92,105,103,90,91,
110,51,35,108,28,86,88,108,111,145,75,
36,48,83,50,41,105,186,30,115,113,
81,57,69,24,28,54,29,84,42,
69,85,83,63,144,34,23,66,
36,59,66,88,97,149,98,
90,64,176,69,48,51,
32,57,146,84,25,
147,46,115,111,
86,101,109,
104,71,
98,
NOTE = 