SIZE = 26,
31,27,46,129,38,62,52,87,87,26,56,112,93,53,46,63,75,58,128,26,136,61,49,40,65,
81,91,32,128,34,74,156,156,127,36,135,24,152,156,82,76,103,223,67,198,78,55,15,136,
63,20,135,40,66,117,148,117,68,156,34,127,130,62,31,99,210,95,172,71,76,23,116,
59,87,91,44,74,113,75,95,80,35,37,93,93,88,81,154,92,144,169,151,39,125,
39,133,71,68,64,96,92,106,53,56,30,55,71,27,186,47,135,72,64,42,80,
109,82,125,180,185,78,165,29,139,147,77,74,190,278,98,193,87,100,13,194,
62,63,53,87,88,89,42,42,68,65,90,37,186,83,107,81,139,11,148,
110,83,62,98,103,59,100,68,114,110,95,212,54,140,84,70,22,122,
173,152,133,181,92,159,155,98,141,128,257,142,230,78,61,44,188,
147,111,180,90,181,157,93,92,190,268,122,185,116,94,26,157,
88,172,34,112,160,68,70,160,272,124,228,64,74,33,202,
153,36,102,96,64,98,130,178,99,140,100,103,18,111,
54,175,124,91,119,148,280,146,222,91,85,22,188,
62,63,34,39,107,102,11,77,65,11,83,64,
148,66,93,121,250,86,206,54,43,73,155,
62,86,182,241,122,223,71,93,68,197,
95,51,205,89,163,135,54,37,139,
130,189,89,129,58,82,20,132,
197,107,161,51,79,9,181,
190,220,196,157,51,127,
160,84,77,11,100,
158,102,50,179,
116,26,109,
9,141,
93,
NOTE = 